lr0: 0.00439
lrf: 0.161
momentum: 0.98
weight_decay: 0.0003
warmup_epochs: 2.36
warmup_momentum: 0.607
warmup_bias_lr: 0.034
box: 0.0298
cls: 0.396
cls_pw: 0.5
obj: 0.248
obj_pw: 1.09
iou_t: 0.1
anchor_t: 2.71
anchors: 2.45
fl_gamma: 0.0
hsv_h: 0.00507
hsv_s: 0.422
hsv_v: 0.359
degrees: 0.311
translate: 0.253
scale: 0.654
shear: 0.397
perspective: 0.0
flipud: 0.0116
fliplr: 0.5
mosaic: 0.896
mixup: 0.172
